1.00000 0.00000
0.99799 0.06347
0.99195 0.12693
0.98193 0.19040
0.96795 0.25387
0.95007 0.31733
0.92837 0.38080
0.90293 0.44427
0.87385 0.50773
0.84125 0.57120
0.80527 0.63467
0.76604 0.69813
0.72373 0.76160
0.67851 0.82506
0.63055 0.88853
0.58006 0.95200
0.52723 1.01546
0.47227 1.07893
0.41542 1.14240
0.35689 1.20586
0.29692 1.26933
0.23576 1.33280
0.17365 1.39626
0.11084 1.45973
0.04758 1.52320
-0.01587 1.58666
-0.07925 1.65013
-0.14231 1.71360
-0.20481 1.77706
-0.26647 1.84053
-0.32707 1.90400
-0.38635 1.96746
-0.44407 2.03093
-0.50000 2.09440
-0.55392 2.15786
-0.60561 2.22133
-0.65486 2.28479
-0.70147 2.34826
-0.74526 2.41173
-0.78605 2.47519
-0.82368 2.53866
-0.85798 2.60213
-0.88884 2.66559
-0.91611 2.72906
-0.93969 2.79253
-0.95949 2.85599
-0.97543 2.91946
-0.98744 2.98293
-0.99547 3.04639
-0.99950 3.10986
-0.99950 3.17333
-0.99547 3.23679
-0.98744 3.30026
-0.97543 3.36373
-0.95949 3.42719
-0.93969 3.49066
-0.91611 3.55413
-0.88884 3.61759
-0.85798 3.68106
-0.82368 3.74452
-0.78605 3.80799
-0.74526 3.87146
-0.70147 3.93492
-0.65486 3.99839
-0.60561 4.06186
-0.55392 4.12532
-0.50000 4.18879
-0.44407 4.25226
-0.38635 4.31572
-0.32707 4.37919
-0.26647 4.44266
-0.20481 4.50612
-0.14231 4.56959
-0.07925 4.63306
-0.01587 4.69652
0.04758 4.75999
0.11084 4.82346
0.17365 4.88692
0.23576 4.95039
0.29692 5.01385
0.35689 5.07732
0.41542 5.14079
0.47227 5.20425
0.52723 5.26772
0.58006 5.33119
0.63055 5.39465
0.67851 5.45812
0.72373 5.52159
0.76604 5.58505
0.80527 5.64852
0.84125 5.71199
0.87385 5.77545
0.90293 5.83892
0.92837 5.90239
0.95007 5.96585
0.96795 6.02932
0.98193 6.09279
0.99195 6.15625
0.99799 6.21972
1.00000 6.28319
