0.013254 -3.000000
-0.049061 -2.939394
-0.045369 -2.878788
0.027371 -2.818182
-0.034830 -2.757576
-0.042390 -2.696970
-0.016373 -2.636364
0.048567 -2.575758
-0.010656 -2.515152
0.034928 -2.454545
-0.039625 -2.393939
-0.011342 -2.333333
-0.010347 -2.272727
-0.033100 -2.212121
-0.001587 -2.151515
-0.011296 -2.090909
0.002559 -2.030303
0.049097 -1.969697
0.063689 -1.909091
0.074256 -1.848485
0.079762 -1.787879
0.051332 -1.727273
0.072091 -1.666667
0.114527 -1.606061
0.119134 -1.545455
0.064603 -1.484848
0.083695 -1.424242
0.116243 -1.363636
0.214398 -1.303030
0.183943 -1.242424
0.220041 -1.181818
0.297415 -1.121212
0.294857 -1.060606
0.353355 -1.000000
0.403030 -0.939394
0.451557 -0.878788
0.514860 -0.818182
0.576337 -0.757576
0.569159 -0.696970
0.636572 -0.636364
0.747227 -0.575758
0.772519 -0.515152
0.774211 -0.454545
0.834162 -0.393939
0.856201 -0.333333
0.945857 -0.272727
0.940382 -0.212121
0.954940 -0.151515
0.950604 -0.090909
1.016754 -0.030303
1.041368 0.030303
0.955753 0.090909
0.944290 0.151515
0.970502 0.212121
0.938691 0.272727
0.897045 0.333333
0.862292 0.393939
0.814470 0.454545
0.761120 0.515152
0.697035 0.575758
0.638004 0.636364
0.591879 0.696970
0.595894 0.757576
0.465844 0.818182
0.417603 0.878788
0.437502 0.939394
0.389249 1.000000
0.309028 1.060606
0.235468 1.121212
0.267566 1.181818
0.177413 1.242424
0.222061 1.303030
0.115763 1.363636
0.109318 1.424242
0.113013 1.484848
0.088053 1.545455
0.051024 1.606061
0.033380 1.666667
0.024886 1.727273
0.022891 1.787879
0.034698 1.848485
0.025897 1.909091
0.014254 1.969697
-0.020331 2.030303
0.062188 2.090909
0.051213 2.151515
-0.035879 2.212121
-0.033048 2.272727
-0.012438 2.333333
0.015771 2.393939
-0.029457 2.454545
0.029530 2.515152
0.003643 2.575758
-0.013365 2.636364
-0.032047 2.696970
0.002816 2.757576
-0.042021 2.818182
-0.005992 2.878788
-0.018266 2.939394
0.041144 3.000000
