0.00000 0.00000
0.06342 0.06347
0.12659 0.12693
0.18925 0.19040
0.25115 0.25387
0.31203 0.31733
0.37166 0.38080
0.42979 0.44427
0.48620 0.50773
0.54064 0.57120
0.59291 0.63467
0.64279 0.69813
0.69008 0.76160
0.73459 0.82506
0.77615 0.88853
0.81458 0.95200
0.84973 1.01546
0.88145 1.07893
0.90963 1.14240
0.93415 1.20586
0.95490 1.26933
0.97181 1.33280
0.98481 1.39626
0.99384 1.45973
0.99887 1.52320
0.99987 1.58666
0.99685 1.65013
0.98982 1.71360
0.97880 1.77706
0.96384 1.84053
0.94500 1.90400
0.92235 1.96746
0.89599 2.03093
0.86603 2.09440
0.83257 2.15786
0.79576 2.22133
0.75575 2.28479
0.71269 2.34826
0.66677 2.41173
0.61816 2.47519
0.56706 2.53866
0.51368 2.60213
0.45823 2.66559
0.40093 2.72906
0.34202 2.79253
0.28173 2.85599
0.22031 2.91946
0.15800 2.98293
0.09506 3.04639
0.03173 3.10986
-0.03173 3.17333
-0.09506 3.23679
-0.15800 3.30026
-0.22031 3.36373
-0.28173 3.42719
-0.34202 3.49066
-0.40093 3.55413
-0.45823 3.61759
-0.51368 3.68106
-0.56706 3.74452
-0.61816 3.80799
-0.66677 3.87146
-0.71269 3.93492
-0.75575 3.99839
-0.79576 4.06186
-0.83257 4.12532
-0.86603 4.18879
-0.89599 4.25226
-0.92235 4.31572
-0.94500 4.37919
-0.96384 4.44266
-0.97880 4.50612
-0.98982 4.56959
-0.99685 4.63306
-0.99987 4.69652
-0.99887 4.75999
-0.99384 4.82346
-0.98481 4.88692
-0.97181 4.95039
-0.95490 5.01385
-0.93415 5.07732
-0.90963 5.14079
-0.88145 5.20425
-0.84973 5.26772
-0.81458 5.33119
-0.77615 5.39465
-0.73459 5.45812
-0.69008 5.52159
-0.64279 5.58505
-0.59291 5.64852
-0.54064 5.71199
-0.48620 5.77545
-0.42979 5.83892
-0.37166 5.90239
-0.31203 5.96585
-0.25115 6.02932
-0.18925 6.09279
-0.12659 6.15625
-0.06342 6.21972
-0.00000 6.28319
