0.00000 0.00000
0.06355 0.06347
0.12762 0.12693
0.19273 0.19040
0.25946 0.25387
0.32843 0.31733
0.40034 0.38080
0.47600 0.44427
0.55639 0.50773
0.64266 0.57120
0.73628 0.63467
0.83910 0.69813
0.95350 0.76160
1.08266 0.82506
1.23090 0.88853
1.40430 0.95200
1.61169 1.01546
1.86641 1.07893
2.18969 1.14240
2.61749 1.20586
3.21602 1.26933
4.12206 1.33280
5.67128 1.39626
8.96657 1.45973
20.99258 1.52320
-63.02007 1.58666
-12.57862 1.65013
-6.95515 1.71360
-4.77915 1.77706
-3.61702 1.84053
-2.88931 1.90400
-2.38738 1.96746
-2.01770 2.03093
-1.73205 2.09440
-1.50305 2.15786
-1.31398 2.22133
-1.15406 2.28479
-1.01599 2.34826
-0.89467 2.41173
-0.78641 2.47519
-0.68845 2.53866
-0.59870 2.60213
-0.51554 2.66559
-0.43765 2.72906
-0.36397 2.79253
-0.29363 2.85599
-0.22586 2.91946
-0.16001 2.98293
-0.09549 3.04639
-0.03174 3.10986
0.03174 3.17333
0.09549 3.23679
0.16001 3.30026
0.22586 3.36373
0.29363 3.42719
0.36397 3.49066
0.43765 3.55413
0.51554 3.61759
0.59870 3.68106
0.68845 3.74452
0.78641 3.80799
0.89467 3.87146
1.01599 3.93492
1.15406 3.99839
1.31398 4.06186
1.50305 4.12532
1.73205 4.18879
2.01770 4.25226
2.38738 4.31572
2.88931 4.37919
3.61702 4.44266
4.77915 4.50612
6.95515 4.56959
12.57862 4.63306
63.02007 4.69652
-20.99258 4.75999
-8.96657 4.82346
-5.67128 4.88692
-4.12206 4.95039
-3.21602 5.01385
-2.61749 5.07732
-2.18969 5.14079
-1.86641 5.20425
-1.61169 5.26772
-1.40430 5.33119
-1.23090 5.39465
-1.08266 5.45812
-0.95350 5.52159
-0.83910 5.58505
-0.73628 5.64852
-0.64266 5.71199
-0.55639 5.77545
-0.47600 5.83892
-0.40034 5.90239
-0.32843 5.96585
-0.25946 6.02932
-0.19273 6.09279
-0.12762 6.15625
-0.06355 6.21972
-0.00000 6.28319
