-17.0000000  -5.0000000
-15.9655172  -4.6551724
-14.9310345  -4.3103448
-13.8965517  -3.9655172
-12.8620690  -3.6206897
-11.8275862  -3.2758621
-10.7931034  -2.9310345
-9.7586207  -2.5862069
-8.7241379  -2.2413793
-7.6896552  -1.8965517
-6.6551724  -1.5517241
-5.6206897  -1.2068966
-4.5862069  -0.8620690
-3.5517241  -0.5172414
-2.5172414  -0.1724138
-1.4827586  0.1724138
-0.4482759  0.5172414
0.5862069  0.8620690
1.6206897  1.2068966
2.6551724  1.5517241
3.6896552  1.8965517
4.7241379  2.2413793
5.7586207  2.5862069
6.7931034  2.9310345
7.8275862  3.2758621
8.8620690  3.6206897
9.8965517  3.9655172
10.9310345  4.3103448
11.9655172  4.6551724
13.0000000  5.0000000
