-16.0658996  -5.0000000
-17.4183825  -4.8989899
-16.1230122  -4.7979798
-15.3942364  -4.6969697
-16.7649045  -4.5959596
-15.7374922  -4.4949495
-15.2007513  -4.3939394
-15.5308030  -4.2929293
-13.8172696  -4.1919192
-14.9125271  -4.0909091
-13.5279209  -3.9898990
-14.1808143  -3.8888889
-13.1352916  -3.7878788
-12.4343636  -3.6868687
-12.4363178  -3.5858586
-13.1579406  -3.4848485
-12.5871959  -3.3838384
-11.7813444  -3.2828283
-11.9735311  -3.1818182
-10.6850701  -3.0808081
-11.6841200  -2.9797980
-11.4470754  -2.8787879
-10.2351297  -2.7777778
-10.9305615  -2.6767677
-9.9076982  -2.5757576
-10.2252875  -2.4747475
-8.3878387  -2.3737374
-8.8363774  -2.2727273
-7.6787286  -2.1717172
-7.4297307  -2.0707071
-8.6972286  -1.9696970
-8.0333032  -1.8686869
-6.5012096  -1.7676768
-7.8612483  -1.6666667
-5.7070234  -1.5656566
-6.4576265  -1.4646465
-5.8829374  -1.3636364
-6.2790954  -1.2626263
-5.0609961  -1.1616162
-4.2730913  -1.0606061
-5.7002869  -0.9595960
-5.5253582  -0.8585859
-4.1542528  -0.7575758
-4.2414968  -0.6565657
-4.2519358  -0.5555556
-2.6676702  -0.4545455
-3.6203012  -0.3535354
-2.3868219  -0.2525253
-2.3983721  -0.1515152
-1.7342805  -0.0505051
-0.8523115  0.0505051
-0.5914962  0.1515152
-1.7642407  0.2525253
-1.5021522  0.3535354
-1.1296739  0.4545455
-1.3066237  0.5555556
0.7672289  0.6565657
0.8543138  0.7575758
0.6485878  0.8585859
0.9467876  0.9595960
1.8666986  1.0606061
2.0692664  1.1616162
2.1212285  1.2626263
1.4025142  1.3636364
1.6005515  1.4646465
2.9485120  1.5656566
3.6564256  1.6666667
2.6411629  1.7676768
2.9313679  1.8686869
4.7604053  1.9696970
3.3450138  2.0707071
3.7244607  2.1717172
5.0246072  2.2727273
6.0456961  2.3737374
5.5845174  2.4747475
5.8985364  2.5757576
5.6008694  2.6767677
6.6679484  2.7777778
7.5406734  2.8787879
6.1773159  2.9797980
6.7616105  3.0808081
7.5723467  3.1818182
8.7878411  3.2828283
7.2369941  3.3838384
8.2969994  3.4848485
8.8988733  3.5858586
9.5640511  3.6868687
8.6845525  3.7878788
10.4066754  3.8888889
10.8147038  3.9898990
10.6056848  4.0909091
9.7100136  4.1919192
10.4790086  4.2929293
10.3402318  4.3939394
11.5231938  4.4949495
12.1974557  4.5959596
11.7044824  4.6969697
12.8520160  4.7979798
11.8461606  4.8989899
13.3208852  5.0000000
