2.0000000  -5.0000000
0.0499405  -4.6551724
-1.6623068  -4.3103448
-3.1367420  -3.9655172
-4.3733650  -3.6206897
-5.3721760  -3.2758621
-6.1331748  -2.9310345
-6.6563615  -2.5862069
-6.9417360  -2.2413793
-6.9892985  -1.8965517
-6.7990488  -1.5517241
-6.3709869  -1.2068966
-5.7051130  -0.8620690
-4.8014269  -0.5172414
-3.6599287  -0.1724138
-2.2806183  0.1724138
-0.6634958  0.5172414
1.1914388  0.8620690
3.2841855  1.2068966
5.6147444  1.5517241
8.1831153  1.8965517
10.9892985  2.2413793
14.0332937  2.5862069
17.3151011  2.9310345
20.8347206  3.2758621
24.5921522  3.6206897
28.5873960  3.9655172
32.8204518  4.3103448
37.2913199  4.6551724
42.0000000  5.0000000
