38.9995894  -5.0000000
36.9938641  -4.8989899
35.1596432  -4.7979798
34.4802598  -4.6969697
33.2723460  -4.5959596
31.6051872  -4.4949495
31.0990992  -4.3939394
29.5850039  -4.2929293
28.4019475  -4.1919192
27.2293102  -4.0909091
26.4373455  -3.9898990
26.6919395  -3.8888889
24.9172955  -3.7878788
24.1050465  -3.6868687
22.7012064  -3.5858586
22.9995112  -3.4848485
21.4181475  -3.3838384
19.9760295  -3.2828283
20.0899718  -3.1818182
17.8401510  -3.0808081
18.2565007  -2.9797980
17.9759809  -2.8787879
17.2568889  -2.7777778
15.8527003  -2.6767677
13.9087818  -2.5757576
13.6529772  -2.4747475
13.9251566  -2.3737374
13.3139492  -2.2727273
12.6793519  -2.1717172
11.9475484  -2.0707071
11.4241539  -1.9696970
10.2862948  -1.8686869
10.0238145  -1.7676768
8.5296618  -1.6666667
9.1077236  -1.5656566
8.0077159  -1.4646465
7.6021614  -1.3636364
6.4105102  -1.2626263
5.7518808  -1.1616162
6.3230519  -1.0606061
5.4790982  -0.9595960
5.5188284  -0.8585859
5.3728945  -0.7575758
5.4491821  -0.6565657
4.6087888  -0.5555556
3.8804425  -0.4545455
3.9895001  -0.3535354
3.2299201  -0.2525253
3.1461030  -0.1515152
3.5829228  -0.0505051
3.1513146  0.0505051
1.7654877  0.1515152
1.7859868  0.2525253
2.8117170  0.3535354
1.7599330  0.4545455
2.2386433  0.5555556
2.1452655  0.6565657
1.6776905  0.7575758
2.4380559  0.8585859
1.1104914  0.9595960
2.6999517  1.0606061
1.4533422  1.1616162
1.7248839  1.2626263
2.4613709  1.3636364
2.6058323  1.4646465
2.8888137  1.5656566
1.9183070  1.6666667
2.9536470  1.7676768
1.8533851  1.8686869
2.9248669  1.9696970
2.2080471  2.0707071
3.4224368  2.1717172
3.9309425  2.2727273
3.7378213  2.3737374
4.3484647  2.4747475
3.7614831  2.5757576
4.1001929  2.6767677
5.9661111  2.7777778
5.3457868  2.8787879
5.8862195  2.9797980
6.2523845  3.0808081
6.2559464  3.1818182
7.2060628  3.2828283
7.1776359  3.3838384
8.6682773  3.4848485
8.9989332  3.5858586
9.4184334  3.6868687
9.8153821  3.7878788
11.2495436  3.8888889
11.1169758  3.9898990
10.8042403  4.0909091
12.0128204  4.1919192
13.1214058  4.2929293
13.1784089  4.3939394
14.7977389  4.4949495
15.0968063  4.5959596
15.1111600  4.6969697
15.9964619  4.7979798
16.2955807  4.8989899
17.8643938  5.0000000
