-196.0000000  -5.0000000
-163.8424700  -4.6551724
-135.4817336  -4.3103448
-110.6717783  -3.9655172
-89.1665915  -3.6206897
-70.7201607  -3.2758621
-55.0864734  -2.9310345
-42.0195170  -2.5862069
-31.2732789  -2.2413793
-22.6017467  -1.8965517
-15.7589077  -1.5517241
-10.4987494  -1.2068966
-6.5752593  -0.8620690
-3.7424249  -0.5172414
-1.7542335  -0.1724138
-0.3646726  0.1724138
0.6722703  0.5172414
1.6026077  0.8620690
2.6723523  1.2068966
4.1275165  1.5517241
6.2141129  1.8965517
9.1781541  2.2413793
13.2656525  2.5862069
18.7226209  2.9310345
25.7950715  3.2758621
34.7290172  3.6206897
45.7704703  3.9655172
59.1654434  4.3103448
75.1599492  4.6551724
94.0000000  5.0000000
