-235.9487832  -5.0000000
-224.9255203  -4.8989899
-212.7545998  -4.7979798
-201.3101079  -4.6969697
-192.4439052  -4.5959596
-181.0044502  -4.4949495
-170.8517420  -4.3939394
-161.6053974  -4.2929293
-152.4519545  -4.1919192
-143.7252698  -4.0909091
-135.2145074  -3.9898990
-127.7393443  -3.8888889
-120.5870903  -3.7878788
-112.8876145  -3.6868687
-104.7273854  -3.5858586
-98.6941619  -3.4848485
-92.4915518  -3.3838384
-85.8480221  -3.2828283
-80.6302923  -3.1818182
-74.9055168  -3.0808081
-69.9319765  -2.9797980
-64.3096658  -2.8787879
-58.6050396  -2.7777778
-53.7042071  -2.6767677
-49.0952854  -2.5757576
-45.7579130  -2.4747475
-41.2233570  -2.3737374
-36.9897128  -2.2727273
-34.5746484  -2.1717172
-31.1203104  -2.0707071
-28.9404182  -1.9696970
-24.6239097  -1.8686869
-22.2571579  -1.7676768
-19.2395426  -1.6666667
-17.6551569  -1.5656566
-15.5337800  -1.4646465
-12.8499380  -1.3636364
-10.9939500  -1.2626263
-9.4844195  -1.1616162
-8.1016156  -1.0606061
-6.6920903  -0.9595960
-5.8876982  -0.8585859
-4.5334847  -0.7575758
-4.9221702  -0.6565657
-2.6058689  -0.5555556
-3.3929101  -0.4545455
-1.6790903  -0.3535354
-1.1387748  -0.2525253
-1.2787122  -0.1515152
-1.0089418  -0.0505051
-1.3530130  0.0505051
-0.4612885  0.1515152
-0.8309207  0.2525253
-1.0332447  0.3535354
-1.2020166  0.4545455
-0.3182709  0.5555556
-0.1342488  0.6565657
-2.2454346  0.7575758
-2.3756236  0.8585859
-1.8789571  0.9595960
-1.6063574  1.0606061
-3.1381462  1.1616162
-3.4947039  1.2626263
-3.7270051  1.3636364
-3.1031477  1.4646465
-4.5670795  1.5656566
-3.6716919  1.6666667
-5.1625271  1.7676768
-4.6098041  1.8686869
-4.0843122  1.9696970
-5.1480460  2.0707071
-5.2040668  2.1717172
-5.5646365  2.2727273
-5.6632628  2.3737374
-6.0413901  2.4747475
-5.8322629  2.5757576
-5.9565968  2.6767677
-4.9509539  2.7777778
-4.8914450  2.8787879
-5.0985690  2.9797980
-3.8678216  3.0808081
-3.7183185  3.1818182
-3.1187591  3.2828283
-0.5047905  3.3838384
0.4804094  3.4848485
0.3415005  3.5858586
2.1900851  3.6868687
3.9727769  3.7878788
4.9179571  3.8888889
6.5922835  3.9898990
8.7792114  4.0909091
11.7236939  4.1919192
12.5587820  4.2929293
14.8651298  4.3939394
18.0534127  4.4949495
20.8643146  4.5959596
23.3162760  4.6969697
27.2664294  4.7979798
31.2422220  4.8989899
33.9607471  5.0000000
