-236.0000000  -5.0000000
-224.3746453  -4.8989899
-213.1308226  -4.7979798
-202.2623480  -4.6969697
-191.7630380  -4.5959596
-181.6267089  -4.4949495
-171.8471770  -4.3939394
-162.4182587  -4.2929293
-153.3337703  -4.1919192
-144.5875282  -4.0909091
-136.1733486  -3.9898990
-128.0850480  -3.8888889
-120.3164427  -3.7878788
-112.8613489  -3.6868687
-105.7135831  -3.5858586
-98.8669616  -3.4848485
-92.3153007  -3.3838384
-86.0524168  -3.2828283
-80.0721262  -3.1818182
-74.3682453  -3.0808081
-68.9345903  -2.9797980
-63.7649776  -2.8787879
-58.8532236  -2.7777778
-54.1931446  -2.6767677
-49.7785569  -2.5757576
-45.6032769  -2.4747475
-41.6611210  -2.3737374
-37.9459053  -2.2727273
-34.4514464  -2.1717172
-31.1715605  -2.0707071
-28.1000640  -1.9696970
-25.2307732  -1.8686869
-22.5575044  -1.7676768
-20.0740741  -1.6666667
-17.7742984  -1.5656566
-15.6519939  -1.4646465
-13.7009767  -1.3636364
-11.9150633  -1.2626263
-10.2880700  -1.1616162
-8.8138131  -1.0606061
-7.4861089  -0.9595960
-6.2987739  -0.8585859
-5.2456243  -0.7575758
-4.3204765  -0.6565657
-3.5171468  -0.5555556
-2.8294515  -0.4545455
-2.2512071  -0.3535354
-1.7762298  -0.2525253
-1.3983360  -0.1515152
-1.1113420  -0.0505051
-0.9090641  0.0505051
-0.7853188  0.1515152
-0.7339222  0.2525253
-0.7486909  0.3535354
-0.8234410  0.4545455
-0.9519890  0.5555556
-1.1281512  0.6565657
-1.3457439  0.7575758
-1.5985835  0.8585859
-1.8804863  0.9595960
-2.1852687  1.0606061
-2.5067469  1.1616162
-2.8387373  1.2626263
-3.1750563  1.3636364
-3.5095203  1.4646465
-3.8359454  1.5656566
-4.1481481  1.6666667
-4.4399448  1.7676768
-4.7051517  1.8686869
-4.9375852  1.9696970
-5.1310617  2.0707071
-5.2793974  2.1717172
-5.3764087  2.2727273
-5.4159120  2.3737374
-5.3917236  2.4747475
-5.2976598  2.5757576
-5.1275370  2.6767677
-4.8751715  2.7777778
-4.5343796  2.8787879
-4.0989777  2.9797980
-3.5627822  3.0808081
-2.9196093  3.1818182
-2.1632754  3.2828283
-1.2875969  3.3838384
-0.2863901  3.4848485
0.8465288  3.5858586
2.1173432  3.6868687
3.5322370  3.7878788
5.0973937  3.8888889
6.8189970  3.9898990
8.7032307  4.0909091
10.7562782  4.1919192
12.9843234  4.2929293
15.3935498  4.3939394
17.9901412  4.4949495
20.7802811  4.5959596
23.7701533  4.6969697
26.9659414  4.7979798
30.3738291  4.8989899
34.0000000  5.0000000
