-235.9427218  -5.0000000
-225.3409743  -4.8989899
-210.3332874  -4.7979798
-206.7121285  -4.6969697
-195.6387857  -4.5959596
-177.2623198  -4.4949495
-175.9811630  -4.3939394
-165.6425423  -4.2929293
-148.8678402  -4.1919192
-141.9857261  -4.0909091
-135.0575714  -3.9898990
-132.1991139  -3.8888889
-122.1648254  -3.7878788
-111.5607060  -3.6868687
-101.5859391  -3.5858586
-98.6330510  -3.4848485
-88.2911898  -3.3838384
-85.3009130  -3.2828283
-75.6336965  -3.1818182
-74.3277870  -3.0808081
-64.6081794  -2.9797980
-64.1071298  -2.8787879
-58.2017647  -2.7777778
-53.1182116  -2.6767677
-49.0883190  -2.5757576
-47.8030239  -2.4747475
-39.9445213  -2.3737374
-33.4556904  -2.2727273
-34.2039778  -2.1717172
-35.6443139  -2.0707071
-31.6730304  -1.9696970
-21.5296042  -1.8686869
-26.8583276  -1.7676768
-21.5199512  -1.6666667
-21.4952775  -1.5656566
-12.1142762  -1.4646465
-18.6056560  -1.3636364
-11.0194581  -1.2626263
-9.9475192  -1.1616162
-13.1903215  -1.0606061
-3.3421786  -0.9595960
-4.2312371  -0.8585859
-3.2959996  -0.7575758
-2.0786350  -0.6565657
1.0120927  -0.5555556
-3.8363036  -0.4545455
2.1182695  -0.3535354
-0.2171194  -0.2525253
0.7959766  -0.1515152
2.2518439  -0.0505051
-4.0965057  0.0505051
3.1173976  0.1515152
-1.6489418  0.2525253
0.7637952  0.3535354
3.9048672  0.4545455
0.7204843  0.5555556
-3.0835093  0.6565657
2.0675251  0.7575758
-3.5636902  0.8585859
1.6894195  0.9595960
0.7882055  1.0606061
-5.4043195  1.1616162
-7.3808879  1.2626263
-3.8515407  1.3636364
-4.4658360  1.4646465
-8.5098830  1.5656566
-7.1397602  1.6666667
-3.7177384  1.7676768
-8.8535555  1.8686869
-4.5880823  1.9696970
-10.0818417  2.0707071
-7.0825879  2.1717172
-2.0984414  2.2727273
-4.0081442  2.3737374
-2.4736119  2.4747475
-3.0062616  2.5757576
-9.8605329  2.6767677
-5.5090516  2.7777778
-6.2573842  2.8787879
-8.4385097  2.9797980
-7.2704811  3.0808081
0.2631333  3.1818182
-6.4793347  3.2828283
0.9604198  3.3838384
3.0618196  3.4848485
-1.3354144  3.5858586
4.5918945  3.6868687
1.3918318  3.7878788
1.7345309  3.8888889
2.7253320  3.9898990
5.2791307  4.0909091
12.0091511  4.1919192
17.4020744  4.2929293
15.4154499  4.3939394
13.7942812  4.4949495
23.0421536  4.5959596
23.6181402  4.6969697
26.2464687  4.7979798
30.1469143  4.8989899
36.3571977  5.0000000
