722.0000000  -5.0000000
555.5936212  -4.6551724
420.8501883  -4.3103448
313.3584417  -3.9655172
229.0464497  -3.6206897
164.1816082  -3.2758621
115.3706405  -2.9310345
79.5595980  -2.5862069
54.0338592  -2.2413793
36.4181308  -1.8965517
24.6764468  -1.5517241
17.1121690  -1.2068966
12.3679867  -0.8620690
9.4259170  -0.5172414
7.6073046  -0.1724138
6.5728218  0.1724138
6.3224687  0.5172414
7.1955729  0.8620690
9.8707897  1.2068966
15.3661020  1.5517241
25.0388205  1.8965517
40.5855834  2.2413793
64.0423566  2.5862069
97.7844336  2.9310345
144.5264357  3.2758621
207.3223118  3.6206897
289.5653382  3.9655172
394.9881193  4.3103448
527.6625867  4.6551724
692.0000000  5.0000000
