999.3212809  -5.0000000
906.0235199  -4.8989899
824.4672896  -4.7979798
785.5069492  -4.6969697
710.0000687  -4.5959596
676.2728497  -4.4949495
627.4729182  -4.3939394
562.3059141  -4.2929293
524.5842120  -4.1919192
490.8028682  -4.0909091
425.8834679  -3.9898990
436.7608989  -3.8888889
389.3622205  -3.7878788
320.5895567  -3.6868687
314.5879015  -3.5858586
263.4127874  -3.4848485
272.8250986  -3.3838384
244.9492095  -3.2828283
233.7043088  -3.1818182
175.1440177  -3.0808081
155.3173700  -2.9797980
178.0070763  -2.8787879
122.2447484  -2.7777778
127.1001199  -2.6767677
91.7467995  -2.5757576
102.7416785  -2.4747475
106.7161580  -2.3737374
88.0011390  -2.2727273
59.0191232  -2.1717172
74.1489408  -2.0707071
44.5831641  -1.9696970
50.9389884  -1.8686869
66.4980829  -1.7676768
16.0774738  -1.6666667
8.9609226  -1.5656566
51.2153700  -1.4646465
35.9583488  -1.3636364
18.2546774  -1.2626263
42.9689507  -1.1616162
33.1307724  -1.0606061
25.0972843  -0.9595960
7.4542066  -0.8585859
-10.5356098  -0.7575758
27.3659878  -0.6565657
-15.1171756  -0.5555556
7.8398977  -0.4545455
-7.1456440  -0.3535354
11.5121937  -0.2525253
-7.8311510  -0.1515152
5.0377923  -0.0505051
16.2426946  0.0505051
-15.7659632  0.1515152
-17.1697054  0.2525253
13.2239417  0.3535354
0.2817332  0.4545455
-18.6814247  0.5555556
-16.2447916  0.6565657
12.7952249  0.7575758
11.6376507  0.8585859
11.1199439  0.9595960
-18.6953377  1.0606061
6.2942996  1.1616162
26.9022222  1.2626263
28.5000709  1.3636364
-17.0995003  1.4646465
16.2100790  1.5656566
10.0463278  1.6666667
18.6043491  1.7676768
25.1504756  1.8686869
31.1618425  1.9696970
7.2195655  2.0707071
31.7212704  2.1717172
12.3723183  2.2727273
5.8042029  2.3737374
31.6294019  2.4747475
5.7575118  2.5757576
31.2016532  2.6767677
56.1414599  2.7777778
20.1321336  2.8787879
29.9937811  2.9797980
53.0423421  3.0808081
60.1610491  3.1818182
92.9481051  3.2828283
92.5687123  3.3838384
105.3383710  3.4848485
95.1737556  3.5858586
92.2065485  3.6868687
122.0555473  3.7878788
128.7784631  3.8888889
158.2019854  3.9898990
188.9141374  4.0909091
225.2261238  4.1919192
236.4107621  4.2929293
251.4895340  4.3939394
259.9513321  4.4949495
300.0142198  4.5959596
348.0623160  4.6969697
345.5451716  4.7979798
409.9602479  4.8989899
450.5151984  5.0000000
