453.0000000  -4.0000000
423.0866572  -3.9191919
394.7232894  -3.8383838
367.8544431  -3.7575758
342.4256880  -3.6767677
318.3836174  -3.5959596
295.6758477  -3.5151515
274.2510189  -3.4343434
254.0587941  -3.3535354
235.0498600  -3.2727273
217.1759266  -3.1919192
200.3897272  -3.1111111
184.6450185  -3.0303030
169.8965807  -2.9494949
156.1002170  -2.8686869
143.2127545  -2.7878788
131.1920431  -2.7070707
119.9969565  -2.6262626
109.5873916  -2.5454545
99.9242685  -2.4646465
90.9695310  -2.3838384
82.6861460  -2.3030303
75.0381039  -2.2222222
67.9904185  -2.1414141
61.5091267  -2.0606061
55.5612890  -1.9797980
50.1149893  -1.8989899
45.1393347  -1.8181818
40.6044559  -1.7373737
36.4815066  -1.6565657
32.7426641  -1.5757576
29.3611292  -1.4949495
26.3111258  -1.4141414
23.5679012  -1.3333333
21.1077263  -1.2525253
18.9078950  -1.1717172
16.9467250  -1.0909091
15.2035569  -1.0101010
13.6587549  -0.9292929
12.2937067  -0.8484848
11.0908232  -0.7676768
10.0335386  -0.6868687
9.1063106  -0.6060606
8.2946202  -0.5252525
7.5849718  -0.4444444
6.9648931  -0.3636364
6.4229352  -0.2828283
5.9486727  -0.2020202
5.5327033  -0.1212121
5.1666482  -0.0404040
4.8431520  0.0404040
4.5558827  0.1212121
4.2995315  0.2020202
4.0698132  0.2828283
3.8634656  0.3636364
3.6782503  0.4444444
3.5129519  0.5252525
3.3673786  0.6060606
3.2423619  0.6868687
3.1397566  0.7676768
3.0624409  0.8484848
3.0143165  0.9292929
3.0003082  1.0101010
3.0263643  1.0909091
3.0994566  1.1717172
3.2275801  1.2525253
3.4197531  1.3333333
3.6860174  1.4141414
4.0374383  1.4949495
4.4861040  1.5757576
5.0451267  1.6565657
5.7286413  1.7373737
6.5518066  1.8181818
7.5308044  1.8989899
8.6828402  1.9797980
10.0261426  2.0606061
11.5799635  2.1414141
13.3645786  2.2222222
15.4012864  2.3030303
17.7124092  2.3838384
20.3212925  2.4646465
23.2523052  2.5454545
26.5308394  2.6262626
30.1833108  2.7070707
34.2371583  2.7878788
38.7208443  2.8686869
43.6638545  2.9494949
49.0966978  3.0303030
55.0509069  3.1111111
61.5590373  3.1919192
68.6546684  3.2727273
76.3724026  3.3535354
84.7478657  3.4343434
93.8177071  3.5151515
103.6195993  3.5959596
114.1922383  3.6767677
125.5753436  3.7575758
137.8096576  3.8383838
150.9369466  3.9191919
165.0000000  4.0000000
