1444.0000000  -5.0000000
1263.3563496  -4.6551724
1062.5917688  -4.3103448
860.0910883  -3.9655172
669.3013364  -3.6206897
499.3167865  -3.2758621
355.4640053  -2.9310345
239.8868999  -2.5862069
152.1317658  -2.2413793
89.7323346  -1.8965517
48.7948216  -1.5517241
24.5829732  -1.2068966
12.1031150  -0.8620690
6.6891994  -0.5172414
4.5878530  -0.1724138
3.5434244  0.1724138
3.3830321  0.5172414
6.6016119  0.8620690
18.9469647  1.2068966
50.0048040  1.5517241
113.7838039  1.8965517
229.3006465  2.2413793
421.1650696  2.5862069
720.1649145  2.9310345
1163.8511736  3.2758621
1797.1230381  3.6206897
2672.8129456  3.9655172
3852.2716278  4.3103448
5405.9531583  4.6551724
7414.0000000  5.0000000
