2.0000000  -1.0000000
1.9984326  -0.9797980
1.9939845  -0.9595960
1.9870219  -0.9393939
1.9778918  -0.9191919
1.9669227  -0.8989899
1.9544245  -0.8787879
1.9406891  -0.8585859
1.9259909  -0.8383838
1.9105873  -0.8181818
1.8947187  -0.7979798
1.8786093  -0.7777778
1.8624672  -0.7575758
1.8464851  -0.7373737
1.8308405  -0.7171717
1.8156962  -0.6969697
1.8012006  -0.6767677
1.7874883  -0.6565657
1.7746801  -0.6363636
1.7628839  -0.6161616
1.7521949  -0.5959596
1.7426959  -0.5757576
1.7344578  -0.5555556
1.7275400  -0.5353535
1.7219908  -0.5151515
1.7178477  -0.4949495
1.7151382  -0.4747475
1.7138795  -0.4545455
1.7140795  -0.4343434
1.7157373  -0.4141414
1.7188427  -0.3939394
1.7233779  -0.3737374
1.7293166  -0.3535354
1.7366255  -0.3333333
1.7452640  -0.3131313
1.7551850  -0.2929293
1.7663349  -0.2727273
1.7786544  -0.2525253
1.7920788  -0.2323232
1.8065383  -0.2121212
1.8219583  -0.1919192
1.8382603  -0.1717172
1.8553616  -0.1515152
1.8731763  -0.1313131
1.8916154  -0.1111111
1.9105873  -0.0909091
1.9299982  -0.0707071
1.9497523  -0.0505051
1.9697526  -0.0303030
1.9899011  -0.0101010
2.0100989  0.0101010
2.0302474  0.0303030
2.0502477  0.0505051
2.0700018  0.0707071
2.0894127  0.0909091
2.1083846  0.1111111
2.1268237  0.1313131
2.1446384  0.1515152
2.1617397  0.1717172
2.1780417  0.1919192
2.1934617  0.2121212
2.2079212  0.2323232
2.2213456  0.2525253
2.2336651  0.2727273
2.2448150  0.2929293
2.2547360  0.3131313
2.2633745  0.3333333
2.2706834  0.3535354
2.2766221  0.3737374
2.2811573  0.3939394
2.2842627  0.4141414
2.2859205  0.4343434
2.2861205  0.4545455
2.2848618  0.4747475
2.2821523  0.4949495
2.2780092  0.5151515
2.2724600  0.5353535
2.2655422  0.5555556
2.2573041  0.5757576
2.2478051  0.5959596
2.2371161  0.6161616
2.2253199  0.6363636
2.2125117  0.6565657
2.1987994  0.6767677
2.1843038  0.6969697
2.1691595  0.7171717
2.1535149  0.7373737
2.1375328  0.7575758
2.1213907  0.7777778
2.1052813  0.7979798
2.0894127  0.8181818
2.0740091  0.8383838
2.0593109  0.8585859
2.0455755  0.8787879
2.0330773  0.8989899
2.0221082  0.9191919
2.0129781  0.9393939
2.0060155  0.9595960
2.0015674  0.9797980
2.0000000  1.0000000
