-1818.0000000  -4.0000000
-1664.1578079  -3.9191919
-1521.0994947  -3.8383838
-1388.2409377  -3.7575758
-1265.0197015  -3.6767677
-1150.8946242  -3.5959596
-1045.3454041  -3.5151515
-947.8721860  -3.4343434
-857.9951478  -3.3535354
-775.2540872  -3.2727273
-699.2080080  -3.1919192
-629.4347068  -3.1111111
-565.5303591  -3.0303030
-507.1091066  -2.9494949
-453.8026428  -2.8686869
-405.2598004  -2.7878788
-361.1461369  -2.7070707
-321.1435222  -2.6262626
-284.9497240  -2.5454545
-252.2779952  -2.4646465
-222.8566598  -2.3838384
-196.4287000  -2.3030303
-172.7513421  -2.2222222
-151.5956436  -2.1414141
-132.7460792  -2.0606061
-116.0001277  -1.9797980
-101.1678585  -1.8989899
-88.0715177  -1.8181818
-76.5451152  -1.7373737
-66.4340109  -1.6565657
-57.5945011  -1.5757576
-49.8934053  -1.4949495
-43.2076526  -1.4141414
-37.4238683  -1.3333333
-32.4379602  -1.2525253
-28.1547053  -1.1717172
-24.4873363  -1.0909091
-21.3571281  -1.0101010
-18.6929844  -0.9292929
-16.4310239  -0.8484848
-14.5141673  -0.7676768
-12.8917235  -0.6868687
-11.5189761  -0.6060606
-10.3567702  -0.5252525
-9.3710986  -0.4444444
-8.5326884  -0.3636364
-7.8165877  -0.2828283
-7.2017521  -0.2020202
-6.6706307  -0.1212121
-6.2087535  -0.0404040
-5.8043171  0.0404040
-5.4477718  0.1212121
-5.1314078  0.2020202
-4.8489417  0.2828283
-4.5951034  0.3636364
-4.3652221  0.4444444
-4.1548131  0.5252525
-3.9591645  0.6060606
-3.7729231  0.6868687
-3.5896818  0.7676768
-3.4015653  0.8484848
-3.1988170  0.9292929
-2.9693857  1.0101010
-2.6985117  1.0909091
-2.3683135  1.1717172
-1.9573745  1.2525253
-1.4403292  1.3333333
-0.7874501  1.4141414
0.0357663  1.4949495
1.0690124  1.5757576
2.3575835  1.6565657
3.9527909  1.7373737
5.9123756  1.8181818
8.3009215  1.8989899
11.1902695  1.9797980
14.6599301  2.0606061
18.7974977  2.1414141
23.6990635  2.2222222
29.4696293  2.3030303
36.2235210  2.3838384
44.0848018  2.4646465
53.1876859  2.5454545
63.6769519  2.6262626
75.7083564  2.7070707
89.4490474  2.7878788
105.0779776  2.8686869
122.7863182  2.9494949
142.7778722  3.0303030
165.2694881  3.1111111
190.4914727  3.1919192
218.6880057  3.2727273
250.1175520  3.3535354
285.0532762  3.4343434
323.7834552  3.5151515
366.6118924  3.5959596
413.8583309  3.6767677
465.8588667  3.7575758
522.9663626  3.8383838
585.5508615  3.9191919
654.0000000  4.0000000
