-2882.0430572  -5.0000000
-2634.1681672  -4.8989899
-2797.3036160  -4.7979798
-2155.3558651  -4.6969697
-2006.8726997  -4.5959596
-1956.4945970  -4.4949495
-1496.3822702  -4.3939394
-1480.4692814  -4.2929293
-1392.6388964  -4.1919192
-1389.3128680  -4.0909091
-1030.6360208  -3.9898990
-1052.7824657  -3.8888889
-1084.2395445  -3.7878788
-507.2163575  -3.6868687
-735.3400244  -3.5858586
-390.6835920  -3.4848485
-218.7524176  -3.3838384
-157.9587245  -3.2828283
-60.8803699  -3.1818182
-503.0505773  -3.0808081
6.5076144  -2.9797980
-176.2948635  -2.8787879
-108.3013152  -2.7777778
-261.9821244  -2.6767677
168.4789055  -2.5757576
45.3439533  -2.4747475
-160.4343820  -2.3737374
-125.4106899  -2.2727273
-97.9628001  -2.1717172
254.5166322  -2.0707071
-225.0294635  -1.9696970
35.2823837  -1.8686869
-30.4335126  -1.7676768
-305.0939797  -1.6666667
-177.6352986  -1.5656566
-242.0425159  -1.4646465
-226.7731054  -1.3636364
29.7708551  -1.2626263
-25.0711591  -1.1616162
4.4603429  -1.0606061
-46.2199646  -0.9595960
-269.6862852  -0.8585859
-265.1911163  -0.7575758
-120.8289155  -0.6565657
-277.2991107  -0.5555556
-143.3071412  -0.4545455
218.3433669  -0.3535354
132.6750601  -0.2525253
168.5492663  -0.1515152
274.7180001  -0.0505051
-258.3990647  0.0505051
-252.7353341  0.1515152
-154.9567677  0.2525253
286.8486847  0.3535354
-276.0442037  0.4545455
-156.7897705  0.5555556
149.4359632  0.6565657
-126.6412834  0.7575758
-139.1337934  0.8585859
102.1479203  0.9595960
267.3520978  1.0606061
254.3285100  1.1616162
-173.3898719  1.2626263
-105.4947981  1.3636364
240.7788503  1.4646465
177.8028518  1.5656566
282.4486370  1.6666667
210.6825620  1.7676768
-257.3139974  1.8686869
62.4929175  1.9696970
-166.2833528  2.0707071
-209.6341003  2.1717172
-108.8084485  2.2727273
131.6476328  2.3737374
341.7350299  2.4747475
-178.0145757  2.5757576
-86.4396538  2.6767677
460.2289098  2.7777778
182.2730937  2.8787879
92.4928643  2.9797980
257.6244152  3.0808081
448.4100950  3.1818182
610.6176280  3.2828283
496.0653225  3.3838384
387.2664149  3.4848485
633.0405632  3.5858586
740.9703771  3.6868687
776.3377768  3.7878788
1166.3245207  3.8888889
1034.0731893  3.9898990
1117.6185725  4.0909091
1445.5069065  4.1919192
1443.3359833  4.2929293
1778.3359855  4.3939394
1638.9311592  4.4949495
1894.9333836  4.5959596
2502.5773814  4.6969697
2652.2316582  4.7979798
3001.6213703  4.8989899
3276.4024501  5.0000000
