5
p[0]*np.sin(p[1]*x)+p[2]*np.exp(-0.5*(x-p[3])**2/p[4])
0.0001562295587051  0.0000000000000000
1.3634337496053732  0.2500000000000000
1.9951462027668139  0.5000000000000000
1.5563026233345474  0.7500000000000000
0.2823962456784395  1.0000000000000000
-1.1429664079259818  1.2500000000000000
-1.9549040057714788  1.5000000000000000
-1.7177127572943331  1.7500000000000000
-0.5586747668372751  2.0000000000000000
0.9002443771415830  2.2500000000000000
1.8761561833337053  2.5000000000000000
1.8453646521549107  2.7500000000000000
0.8243932179576917  3.0000000000000000
-0.6388820211052613  3.2500000000000000
-1.7592343521518308  3.5000000000000000
-1.9354539579097352  3.7500000000000000
-1.0729572145063186  4.0000000000000000
0.3655172939985747  4.2500000000000000
1.6084623197236838  4.5000000000000000
1.9904468193190374  4.7500000000000000
1.3117935972758954  5.0000000000000000
-0.0472428133920320  5.2500000000000000
-1.3139987738396595  5.5000000000000000
-1.7046761271870268  5.7500000000000000
-0.7883383970395991  6.0000000000000000
1.3597564396430013  6.2500000000000000
4.2783353058964764  6.5000000000000000
7.4104986424195749  6.7500000000000000
10.3654316767723813  7.0000000000000000
12.9934726697096927  7.2500000000000000
15.2645341276503856  7.5000000000000000
17.0816744976375006  7.7500000000000000
18.1889995055454570  8.0000000000000000
18.2382219079939780  8.2500000000000000
16.9569998606157419  8.5000000000000000
14.3136419348754629  8.7500000000000000
10.6048722565092746  9.0000000000000000
6.4407213911541650  9.2500000000000000
2.6197442860836815  9.5000000000000000
-0.0976114835137913  9.7500000000000000
